20211001202110022021100320211004202110052021100620211007202110082021100920211010202110112021101820211019202110202021102120211022202110232021102420211025202110272021102820211029202110302021110120211102202111032021110720211108202111092021111020211111202111122021111320211115202111162021111720211118202111192021112020211122202111232021112420211125202111262021112720211128202111292021113020211201202112022021120320211204gridmapMaintenance backup pre lam EL-1rawZ4Thumbs.db20211001
20211002
20211003
20211004
20211005
20211006
20211007
20211008
20211009
20211010
20211011
20211018
20211019
20211020
20211021
20211022
20211023
20211024
20211025
20211027
20211028
20211029
20211030
20211101
20211102
20211103
20211107
20211108
20211109
20211110
20211111
20211112
20211113
20211115
20211116
20211117
20211118
20211119
20211120
20211122
20211123
20211124
20211125
20211126
20211127
20211128
20211129
20211130
20211201
20211202
20211203
20211204
gridmap
Maintenance backup pre lam EL-1
rawZ4
Thumbs.db
